6960.248137348014
7853.422360579834
7897.691893989434
7644.114890306952
7789.765578082105
7330.737588882472
7415.988176754866
8059.910841314177
8474.879096132998
7722.270134718356
7342.936267547867
7633.786389324873
7681.600986156778
7561.255130167533
7272.253319545488
7086.221076945411
7415.267599595563
7202.567562674596
7173.4380655894865
7625.721038619913
7166.692411115389
7184.38911554393
7370.147716730114
6991.127104421987
7438.394664301196
7635.343837028698
7680.270814646208
7298.029892331795
7417.303818300569
7580.073186905401
7456.4576827704295
7664.029637985191
6994.969602293552
6701.864091895242
6424.5727928566275
6674.895754176672
6627.213611318965
6633.7556631456455
6459.443587674866
7366.508460723718
7271.444367140618
7374.732520890872
6982.593189234393
7012.825928855824
7459.390920195349
7654.576161811058
